0.0185,0.0139,0.0147,0.0144,0.0166,0.0160,0.0122,0.0157,0.0144,0.0164,0.0163,0.0136,0.0132,0.0150,0.0129,0.0141,0.0173,0.0150,0.0146,0.0146,0.0146,0.0146,0.0117,0.0122,0.0168,0.0166,0.0145,0.0120,0.0130,0.0119,0.0127,0.0128,0.0122,0.0121,0.0106,0.0131,0.0122,0.0104,0.0089,0.0102,0.0081,0.0081,0.0100,0.0100,0.0059,0.0055,0.0070,0.0039,0.0018,0.0050,0.0032,0.0016,0.0021,0.0005,0.0011,0.0023,-0.0024,-0.0023,0.0022,0.0013,-0.0013,-0.0001,0.0001,0.0005,0.0000,0.0005,0.0001,-0.0001,-0.0013,0.0013,0.0022,-0.0023,-0.0024,0.0023,0.0011,0.0005,0.0021,0.0016,0.0032,0.0050,0.0018,0.0039,0.0070,0.0055,0.0059,0.0100,0.0100,0.0081,0.0081,0.0102,0.0089,0.0104,0.0122,0.0131,0.0106,0.0121,0.0122,0.0128,0.0127,0.0119,0.0130,0.0120,0.0145,0.0166,0.0168,0.0122,0.0117,0.0146,0.0146,0.0146,0.0146,0.0150,0.0173,0.0141,0.0129,0.0150,0.0132,0.0136,0.0163,0.0164,0.0144,0.0157,0.0122,0.0160,0.0166,0.0144,0.0147,0.0139,
0.0139,0.0150,0.0157,0.0159,0.0116,0.0164,0.0159,0.0158,0.0155,0.0126,0.0149,0.0165,0.0147,0.0173,0.0165,0.0128,0.0147,0.0147,0.0137,0.0127,0.0128,0.0150,0.0131,0.0103,0.0107,0.0127,0.0131,0.0123,0.0128,0.0117,0.0091,0.0108,0.0111,0.0115,0.0107,0.0104,0.0096,0.0082,0.0073,0.0099,0.0056,0.0027,0.0059,0.0047,0.0022,0.0031,0.0034,0.0007,0.0019,-0.0017,-0.0022,0.0029,0.0008,0.0003,0.0014,-0.0037,-0.0011,0.0042,0.0002,-0.0036,0.0016,0.0014,-0.0013,-0.0004,0.0008,-0.0004,-0.0013,0.0014,0.0016,-0.0036,0.0002,0.0042,-0.0011,-0.0037,0.0014,0.0003,0.0008,0.0029,-0.0022,-0.0017,0.0019,0.0007,0.0034,0.0031,0.0022,0.0047,0.0059,0.0027,0.0056,0.0099,0.0073,0.0082,0.0096,0.0104,0.0107,0.0115,0.0111,0.0108,0.0091,0.0117,0.0128,0.0123,0.0131,0.0127,0.0107,0.0103,0.0131,0.0150,0.0128,0.0127,0.0137,0.0147,0.0147,0.0128,0.0165,0.0173,0.0147,0.0165,0.0149,0.0126,0.0155,0.0158,0.0159,0.0164,0.0116,0.0159,0.0157,0.0150,
0.0147,0.0157,0.0134,0.0164,0.0165,0.0143,0.0145,0.0132,0.0157,0.0162,0.0135,0.0152,0.0125,0.0111,0.0152,0.0140,0.0136,0.0141,0.0145,0.0155,0.0139,0.0159,0.0174,0.0143,0.0123,0.0127,0.0114,0.0134,0.0145,0.0135,0.0100,0.0083,0.0101,0.0100,0.0104,0.0105,0.0093,0.0049,0.0046,0.0082,0.0054,0.0023,0.0050,0.0028,0.0008,0.0009,-0.0022,-0.0011,0.0001,-0.0013,0.0036,0.0025,-0.0029,-0.0004,-0.0004,-0.0005,0.0027,-0.0010,-0.0009,0.0006,0.0001,0.0003,-0.0004,-0.0005,0.0008,-0.0005,-0.0004,0.0003,0.0001,0.0006,-0.0009,-0.0010,0.0027,-0.0005,-0.0004,-0.0004,-0.0029,0.0025,0.0036,-0.0013,0.0001,-0.0011,-0.0022,0.0009,0.0008,0.0028,0.0050,0.0023,0.0054,0.0082,0.0046,0.0049,0.0093,0.0105,0.0104,0.0100,0.0101,0.0083,0.0100,0.0135,0.0145,0.0134,0.0114,0.0127,0.0123,0.0143,0.0174,0.0159,0.0139,0.0155,0.0145,0.0141,0.0136,0.0140,0.0152,0.0111,0.0125,0.0152,0.0135,0.0162,0.0157,0.0132,0.0145,0.0143,0.0165,0.0164,0.0134,0.0157,
0.0144,0.0159,0.0164,0.0124,0.0157,0.0143,0.0167,0.0152,0.0129,0.0157,0.0144,0.0150,0.0183,0.0144,0.0154,0.0150,0.0141,0.0112,0.0112,0.0137,0.0104,0.0087,0.0130,0.0130,0.0119,0.0123,0.0094,0.0081,0.0122,0.0148,0.0120,0.0098,0.0098,0.0095,0.0095,0.0100,0.0116,0.0075,0.0040,0.0065,0.0034,0.0012,0.0006,-0.0023,-0.0007,-0.0013,-0.0033,0.0026,0.0014,0.0007,0.0018,-0.0013,-0.0007,-0.0007,0.0004,0.0007,0.0000,0.0004,-0.0024,0.0016,0.0020,-0.0031,0.0018,0.0020,-0.0032,0.0020,0.0018,-0.0031,0.0020,0.0016,-0.0024,0.0004,0.0000,0.0007,0.0004,-0.0007,-0.0007,-0.0013,0.0018,0.0007,0.0014,0.0026,-0.0033,-0.0013,-0.0007,-0.0023,0.0006,0.0012,0.0034,0.0065,0.0040,0.0075,0.0116,0.0100,0.0095,0.0095,0.0098,0.0098,0.0120,0.0148,0.0122,0.0081,0.0094,0.0123,0.0119,0.0130,0.0130,0.0087,0.0104,0.0137,0.0112,0.0112,0.0141,0.0150,0.0154,0.0144,0.0183,0.0150,0.0144,0.0157,0.0129,0.0152,0.0167,0.0143,0.0157,0.0124,0.0164,0.0159,
0.0166,0.0116,0.0165,0.0157,0.0161,0.0140,0.0139,0.0162,0.0159,0.0151,0.0151,0.0104,0.0136,0.0131,0.0133,0.0148,0.0177,0.0154,0.0139,0.0171,0.0149,0.0121,0.0128,0.0114,0.0132,0.0166,0.0121,0.0086,0.0065,0.0112,0.0097,0.0078,0.0077,0.0107,0.0085,0.0061,0.0090,0.0057,0.0023,0.0017,-0.0022,-0.0012,-0.0008,-0.0040,0.0012,0.0003,-0.0005,0.0020,-0.0001,0.0010,0.0003,0.0008,-0.0026,-0.0008,0.0034,-0.0011,-0.0005,-0.0017,0.0024,0.0008,-0.0036,0.0031,-0.0002,-0.0018,0.0034,-0.0018,-0.0002,0.0031,-0.0036,0.0008,0.0024,-0.0017,-0.0005,-0.0011,0.0034,-0.0008,-0.0026,0.0008,0.0003,0.0010,-0.0001,0.0020,-0.0005,0.0003,0.0012,-0.0040,-0.0008,-0.0012,-0.0022,0.0017,0.0023,0.0057,0.0090,0.0061,0.0085,0.0107,0.0077,0.0078,0.0097,0.0112,0.0065,0.0086,0.0121,0.0166,0.0132,0.0114,0.0128,0.0121,0.0149,0.0171,0.0139,0.0154,0.0177,0.0148,0.0133,0.0131,0.0136,0.0104,0.0151,0.0151,0.0159,0.0162,0.0139,0.0140,0.0161,0.0157,0.0165,0.0116,
0.0160,0.0164,0.0143,0.0143,0.0140,0.0173,0.0143,0.0138,0.0139,0.0124,0.0168,0.0146,0.0150,0.0149,0.0141,0.0114,0.0131,0.0119,0.0083,0.0124,0.0131,0.0120,0.0121,0.0083,0.0081,0.0131,0.0135,0.0109,0.0095,0.0109,0.0102,0.0052,0.0029,0.0067,0.0071,0.0049,0.0030,-0.0003,-0.0021,0.0007,-0.0033,-0.0005,0.0006,-0.0015,0.0011,-0.0007,0.0007,-0.0004,0.0031,0.0005,-0.0004,-0.0012,-0.0022,0.0035,-0.0010,-0.0002,-0.0007,0.0009,-0.0001,-0.0007,0.0012,-0.0005,-0.0009,0.0001,0.0013,0.0001,-0.0009,-0.0005,0.0012,-0.0007,-0.0001,0.0009,-0.0007,-0.0002,-0.0010,0.0035,-0.0022,-0.0012,-0.0004,0.0005,0.0031,-0.0004,0.0007,-0.0007,0.0011,-0.0015,0.0006,-0.0005,-0.0033,0.0007,-0.0021,-0.0003,0.0030,0.0049,0.0071,0.0067,0.0029,0.0052,0.0102,0.0109,0.0095,0.0109,0.0135,0.0131,0.0081,0.0083,0.0121,0.0120,0.0131,0.0124,0.0083,0.0119,0.0131,0.0114,0.0141,0.0149,0.0150,0.0146,0.0168,0.0124,0.0139,0.0138,0.0143,0.0173,0.0140,0.0143,0.0143,0.0164,
0.0122,0.0159,0.0145,0.0167,0.0139,0.0143,0.0158,0.0153,0.0181,0.0134,0.0147,0.0140,0.0139,0.0147,0.0171,0.0141,0.0154,0.0159,0.0127,0.0128,0.0117,0.0122,0.0162,0.0125,0.0090,0.0114,0.0096,0.0102,0.0087,0.0093,0.0088,0.0074,0.0032,0.0029,0.0030,0.0008,0.0017,-0.0005,-0.0026,0.0019,-0.0006,-0.0005,-0.0005,0.0001,-0.0020,-0.0013,0.0025,0.0000,0.0032,-0.0020,0.0001,-0.0013,0.0006,-0.0006,0.0013,-0.0018,0.0007,0.0002,0.0005,-0.0026,0.0019,-0.0002,-0.0007,0.0024,-0.0037,0.0024,-0.0007,-0.0002,0.0019,-0.0026,0.0005,0.0002,0.0007,-0.0018,0.0013,-0.0006,0.0006,-0.0013,0.0001,-0.0020,0.0032,0.0000,0.0025,-0.0013,-0.0020,0.0001,-0.0005,-0.0005,-0.0006,0.0019,-0.0026,-0.0005,0.0017,0.0008,0.0030,0.0029,0.0032,0.0074,0.0088,0.0093,0.0087,0.0102,0.0096,0.0114,0.0090,0.0125,0.0162,0.0122,0.0117,0.0128,0.0127,0.0159,0.0154,0.0141,0.0171,0.0147,0.0139,0.0140,0.0147,0.0134,0.0181,0.0153,0.0158,0.0143,0.0139,0.0167,0.0145,0.0159,
0.0157,0.0158,0.0132,0.0152,0.0162,0.0138,0.0153,0.0111,0.0151,0.0145,0.0149,0.0147,0.0143,0.0116,0.0141,0.0106,0.0096,0.0129,0.0128,0.0134,0.0095,0.0093,0.0109,0.0096,0.0102,0.0102,0.0079,0.0078,0.0116,0.0088,0.0040,0.0055,0.0023,0.0013,0.0040,-0.0004,0.0014,0.0014,-0.0016,0.0008,-0.0013,0.0004,-0.0030,-0.0008,-0.0017,0.0009,0.0011,0.0007,-0.0004,0.0013,-0.0013,0.0000,-0.0012,0.0023,-0.0017,-0.0006,0.0006,0.0009,-0.0015,0.0017,-0.0007,-0.0006,0.0013,-0.0017,0.0026,-0.0017,0.0013,-0.0006,-0.0007,0.0017,-0.0015,0.0009,0.0006,-0.0006,-0.0017,0.0023,-0.0012,0.0000,-0.0013,0.0013,-0.0004,0.0007,0.0011,0.0009,-0.0017,-0.0008,-0.0030,0.0004,-0.0013,0.0008,-0.0016,0.0014,0.0014,-0.0004,0.0040,0.0013,0.0023,0.0055,0.0040,0.0088,0.0116,0.0078,0.0079,0.0102,0.0102,0.0096,0.0109,0.0093,0.0095,0.0134,0.0128,0.0129,0.0096,0.0106,0.0141,0.0116,0.0143,0.0147,0.0149,0.0145,0.0151,0.0111,0.0153,0.0138,0.0162,0.0152,0.0132,0.0158,
0.0144,0.0155,0.0157,0.0129,0.0159,0.0139,0.0181,0.0151,0.0146,0.0143,0.0138,0.0143,0.0168,0.0136,0.0167,0.0149,0.0127,0.0124,0.0114,0.0135,0.0118,0.0128,0.0130,0.0103,0.0098,0.0115,0.0062,0.0031,0.0077,0.0081,0.0032,0.0011,0.0005,0.0002,0.0039,0.0014,-0.0009,0.0004,-0.0014,0.0002,-0.0034,-0.0005,-0.0039,0.0005,-0.0012,0.0000,-0.0011,0.0013,0.0006,0.0022,-0.0019,0.0002,0.0010,0.0006,-0.0010,-0.0004,-0.0001,-0.0002,-0.0003,-0.0006,0.0001,-0.0009,0.0014,-0.0016,0.0018,-0.0016,0.0014,-0.0009,0.0001,-0.0006,-0.0003,-0.0002,-0.0001,-0.0004,-0.0010,0.0006,0.0010,0.0002,-0.0019,0.0022,0.0006,0.0013,-0.0011,0.0000,-0.0012,0.0005,-0.0039,-0.0005,-0.0034,0.0002,-0.0014,0.0004,-0.0009,0.0014,0.0039,0.0002,0.0005,0.0011,0.0032,0.0081,0.0077,0.0031,0.0062,0.0115,0.0098,0.0103,0.0130,0.0128,0.0118,0.0135,0.0114,0.0124,0.0127,0.0149,0.0167,0.0136,0.0168,0.0143,0.0138,0.0143,0.0146,0.0151,0.0181,0.0139,0.0159,0.0129,0.0157,0.0155,
0.0164,0.0126,0.0162,0.0157,0.0151,0.0124,0.0134,0.0145,0.0143,0.0148,0.0142,0.0114,0.0138,0.0093,0.0116,0.0128,0.0143,0.0118,0.0112,0.0127,0.0082,0.0084,0.0107,0.0085,0.0093,0.0072,0.0074,0.0053,0.0049,0.0023,-0.0018,-0.0019,0.0037,0.0017,0.0003,0.0004,-0.0007,-0.0007,-0.0032,0.0002,-0.0041,0.0005,-0.0009,-0.0004,-0.0011,-0.0015,-0.0002,0.0011,0.0017,-0.0008,0.0003,-0.0009,0.0009,0.0013,-0.0009,-0.0002,-0.0005,0.0007,-0.0010,0.0016,-0.0024,0.0020,-0.0021,0.0022,-0.0016,0.0022,-0.0021,0.0020,-0.0024,0.0016,-0.0010,0.0007,-0.0005,-0.0002,-0.0009,0.0013,0.0009,-0.0009,0.0003,-0.0008,0.0017,0.0011,-0.0002,-0.0015,-0.0011,-0.0004,-0.0009,0.0005,-0.0041,0.0002,-0.0032,-0.0007,-0.0007,0.0004,0.0003,0.0017,0.0037,-0.0019,-0.0018,0.0023,0.0049,0.0053,0.0074,0.0072,0.0093,0.0085,0.0107,0.0084,0.0082,0.0127,0.0112,0.0118,0.0143,0.0128,0.0116,0.0093,0.0138,0.0114,0.0142,0.0148,0.0143,0.0145,0.0134,0.0124,0.0151,0.0157,0.0162,0.0126,
0.0163,0.0149,0.0135,0.0144,0.0151,0.0168,0.0147,0.0149,0.0138,0.0142,0.0167,0.0136,0.0173,0.0136,0.0131,0.0120,0.0134,0.0088,0.0110,0.0141,0.0105,0.0105,0.0075,0.0088,0.0123,0.0066,0.0018,0.0040,-0.0002,-0.0020,0.0006,-0.0007,0.0015,0.0012,-0.0004,-0.0009,-0.0031,0.0006,-0.0030,0.0010,0.0001,0.0009,0.0010,-0.0001,-0.0006,-0.0020,0.0001,-0.0003,0.0008,0.0014,-0.0007,-0.0006,-0.0000,0.0019,-0.0010,-0.0001,0.0008,-0.0002,0.0015,0.0002,-0.0002,-0.0001,-0.0011,-0.0002,-0.0014,-0.0002,-0.0011,-0.0001,-0.0002,0.0002,0.0015,-0.0002,0.0008,-0.0001,-0.0010,0.0019,-0.0000,-0.0006,-0.0007,0.0014,0.0008,-0.0003,0.0001,-0.0020,-0.0006,-0.0001,0.0010,0.0009,0.0001,0.0010,-0.0030,0.0006,-0.0031,-0.0009,-0.0004,0.0012,0.0015,-0.0007,0.0006,-0.0020,-0.0002,0.0040,0.0018,0.0066,0.0123,0.0088,0.0075,0.0105,0.0105,0.0141,0.0110,0.0088,0.0134,0.0120,0.0131,0.0136,0.0173,0.0136,0.0167,0.0142,0.0138,0.0149,0.0147,0.0168,0.0151,0.0144,0.0135,0.0149,
0.0136,0.0165,0.0152,0.0150,0.0104,0.0146,0.0140,0.0147,0.0143,0.0114,0.0136,0.0090,0.0127,0.0116,0.0132,0.0134,0.0165,0.0111,0.0113,0.0102,0.0093,0.0118,0.0062,0.0053,0.0066,0.0056,0.0016,0.0013,0.0005,-0.0043,-0.0004,0.0016,0.0000,-0.0006,-0.0034,0.0005,-0.0025,0.0006,-0.0005,0.0014,0.0013,0.0018,0.0011,-0.0003,0.0000,0.0003,-0.0007,-0.0006,-0.0016,0.0021,-0.0003,-0.0006,0.0003,0.0001,0.0003,0.0001,0.0005,-0.0001,0.0009,-0.0011,0.0007,-0.0001,0.0006,0.0003,0.0011,0.0003,0.0006,-0.0001,0.0007,-0.0011,0.0009,-0.0001,0.0005,0.0001,0.0003,0.0001,0.0003,-0.0006,-0.0003,0.0021,-0.0016,-0.0006,-0.0007,0.0003,0.0000,-0.0003,0.0011,0.0018,0.0013,0.0014,-0.0005,0.0006,-0.0025,0.0005,-0.0034,-0.0006,0.0000,0.0016,-0.0004,-0.0043,0.0005,0.0013,0.0016,0.0056,0.0066,0.0053,0.0062,0.0118,0.0093,0.0102,0.0113,0.0111,0.0165,0.0134,0.0132,0.0116,0.0127,0.0090,0.0136,0.0114,0.0143,0.0147,0.0140,0.0146,0.0104,0.0150,0.0152,0.0165,
0.0132,0.0147,0.0125,0.0183,0.0136,0.0150,0.0139,0.0143,0.0168,0.0138,0.0173,0.0127,0.0135,0.0116,0.0106,0.0082,0.0106,0.0078,0.0115,0.0090,0.0087,0.0066,0.0052,0.0087,0.0041,0.0008,0.0034,-0.0019,-0.0016,-0.0002,-0.0004,0.0004,-0.0031,-0.0005,-0.0019,0.0002,-0.0008,0.0014,0.0001,0.0029,0.0005,0.0011,0.0006,-0.0007,0.0016,0.0013,-0.0013,0.0003,-0.0010,-0.0001,-0.0001,0.0009,-0.0022,0.0015,0.0004,-0.0017,0.0011,-0.0006,0.0002,0.0001,0.0005,-0.0001,0.0000,0.0004,0.0004,0.0004,0.0000,-0.0001,0.0005,0.0001,0.0002,-0.0006,0.0011,-0.0017,0.0004,0.0015,-0.0022,0.0009,-0.0001,-0.0001,-0.0010,0.0003,-0.0013,0.0013,0.0016,-0.0007,0.0006,0.0011,0.0005,0.0029,0.0001,0.0014,-0.0008,0.0002,-0.0019,-0.0005,-0.0031,0.0004,-0.0004,-0.0002,-0.0016,-0.0019,0.0034,0.0008,0.0041,0.0087,0.0052,0.0066,0.0087,0.0090,0.0115,0.0078,0.0106,0.0082,0.0106,0.0116,0.0135,0.0127,0.0173,0.0138,0.0168,0.0143,0.0139,0.0150,0.0136,0.0183,0.0125,0.0147,
0.0150,0.0173,0.0111,0.0144,0.0131,0.0149,0.0147,0.0116,0.0136,0.0093,0.0136,0.0116,0.0116,0.0131,0.0131,0.0124,0.0133,0.0093,0.0087,0.0077,0.0133,0.0074,0.0034,0.0035,0.0001,-0.0006,0.0019,0.0008,-0.0015,0.0010,-0.0021,-0.0009,-0.0018,-0.0008,-0.0001,0.0013,-0.0019,0.0007,-0.0019,0.0006,-0.0001,-0.0019,-0.0004,-0.0008,0.0003,0.0013,0.0002,-0.0001,0.0006,-0.0011,-0.0003,0.0010,0.0001,0.0005,-0.0008,-0.0003,-0.0000,0.0000,-0.0004,0.0005,-0.0003,0.0006,0.0006,-0.0012,0.0008,-0.0012,0.0006,0.0006,-0.0003,0.0005,-0.0004,0.0000,-0.0000,-0.0003,-0.0008,0.0005,0.0001,0.0010,-0.0003,-0.0011,0.0006,-0.0001,0.0002,0.0013,0.0003,-0.0008,-0.0004,-0.0019,-0.0001,0.0006,-0.0019,0.0007,-0.0019,0.0013,-0.0001,-0.0008,-0.0018,-0.0009,-0.0021,0.0010,-0.0015,0.0008,0.0019,-0.0006,0.0001,0.0035,0.0034,0.0074,0.0133,0.0077,0.0087,0.0093,0.0133,0.0124,0.0131,0.0131,0.0116,0.0116,0.0136,0.0093,0.0136,0.0116,0.0147,0.0149,0.0131,0.0144,0.0111,0.0173,
0.0129,0.0165,0.0152,0.0154,0.0133,0.0141,0.0171,0.0141,0.0167,0.0116,0.0131,0.0132,0.0106,0.0131,0.0100,0.0099,0.0093,0.0111,0.0085,0.0065,0.0061,0.0030,0.0030,-0.0021,-0.0004,0.0043,-0.0005,-0.0004,0.0004,-0.0005,-0.0008,-0.0031,0.0010,0.0002,-0.0011,-0.0014,-0.0018,-0.0003,-0.0002,0.0006,0.0009,-0.0017,0.0002,-0.0001,-0.0003,-0.0015,0.0003,0.0006,-0.0002,0.0005,-0.0008,0.0000,-0.0000,-0.0001,0.0008,-0.0002,0.0004,0.0002,-0.0002,-0.0003,0.0003,-0.0001,0.0003,0.0001,-0.0010,0.0001,0.0003,-0.0001,0.0003,-0.0003,-0.0002,0.0002,0.0004,-0.0002,0.0008,-0.0001,-0.0000,0.0000,-0.0008,0.0005,-0.0002,0.0006,0.0003,-0.0015,-0.0003,-0.0001,0.0002,-0.0017,0.0009,0.0006,-0.0002,-0.0003,-0.0018,-0.0014,-0.0011,0.0002,0.0010,-0.0031,-0.0008,-0.0005,0.0004,-0.0004,-0.0005,0.0043,-0.0004,-0.0021,0.0030,0.0030,0.0061,0.0065,0.0085,0.0111,0.0093,0.0099,0.0100,0.0131,0.0106,0.0132,0.0131,0.0116,0.0167,0.0141,0.0171,0.0141,0.0133,0.0154,0.0152,0.0165,
0.0141,0.0128,0.0140,0.0150,0.0148,0.0114,0.0141,0.0106,0.0149,0.0128,0.0120,0.0134,0.0082,0.0124,0.0099,0.0114,0.0085,0.0094,0.0033,0.0084,0.0062,0.0017,-0.0007,0.0005,0.0013,-0.0009,-0.0000,0.0004,0.0016,-0.0034,-0.0005,-0.0004,0.0006,-0.0037,-0.0005,-0.0013,0.0004,0.0018,-0.0002,0.0021,0.0007,0.0002,-0.0002,0.0014,0.0005,-0.0005,0.0007,-0.0007,0.0003,0.0004,-0.0008,0.0004,0.0003,-0.0005,-0.0001,-0.0001,-0.0004,0.0005,-0.0001,-0.0003,-0.0003,0.0002,0.0000,0.0000,0.0003,0.0000,0.0000,0.0002,-0.0003,-0.0003,-0.0001,0.0005,-0.0004,-0.0001,-0.0001,-0.0005,0.0003,0.0004,-0.0008,0.0004,0.0003,-0.0007,0.0007,-0.0005,0.0005,0.0014,-0.0002,0.0002,0.0007,0.0021,-0.0002,0.0018,0.0004,-0.0013,-0.0005,-0.0037,0.0006,-0.0004,-0.0005,-0.0034,0.0016,0.0004,-0.0000,-0.0009,0.0013,0.0005,-0.0007,0.0017,0.0062,0.0084,0.0033,0.0094,0.0085,0.0114,0.0099,0.0124,0.0082,0.0134,0.0120,0.0128,0.0149,0.0106,0.0141,0.0114,0.0148,0.0150,0.0140,0.0128,
0.0173,0.0147,0.0136,0.0141,0.0177,0.0131,0.0154,0.0096,0.0127,0.0143,0.0134,0.0165,0.0106,0.0133,0.0093,0.0085,0.0079,0.0104,0.0053,0.0057,0.0004,0.0040,-0.0025,-0.0024,0.0017,-0.0013,0.0025,0.0008,-0.0037,0.0007,0.0003,-0.0014,-0.0015,-0.0004,-0.0006,-0.0008,0.0008,0.0001,-0.0010,-0.0001,-0.0000,-0.0010,-0.0018,0.0002,-0.0003,0.0001,0.0003,-0.0003,-0.0003,-0.0001,-0.0000,0.0003,-0.0002,-0.0004,0.0001,0.0003,-0.0004,0.0002,0.0003,-0.0000,-0.0001,-0.0000,0.0000,-0.0001,0.0000,-0.0001,0.0000,-0.0000,-0.0001,-0.0000,0.0003,0.0002,-0.0004,0.0003,0.0001,-0.0004,-0.0002,0.0003,-0.0000,-0.0001,-0.0003,-0.0003,0.0003,0.0001,-0.0003,0.0002,-0.0018,-0.0010,-0.0000,-0.0001,-0.0010,0.0001,0.0008,-0.0008,-0.0006,-0.0004,-0.0015,-0.0014,0.0003,0.0007,-0.0037,0.0008,0.0025,-0.0013,0.0017,-0.0024,-0.0025,0.0040,0.0004,0.0057,0.0053,0.0104,0.0079,0.0085,0.0093,0.0133,0.0106,0.0165,0.0134,0.0143,0.0127,0.0096,0.0154,0.0131,0.0177,0.0141,0.0136,0.0147,
0.0150,0.0147,0.0141,0.0112,0.0154,0.0119,0.0159,0.0129,0.0124,0.0118,0.0088,0.0111,0.0078,0.0093,0.0111,0.0094,0.0104,0.0053,0.0031,0.0021,0.0008,-0.0026,-0.0013,0.0020,-0.0018,0.0034,-0.0011,-0.0013,-0.0004,0.0009,-0.0036,0.0007,-0.0004,0.0009,-0.0006,-0.0033,0.0001,0.0002,-0.0000,0.0010,0.0008,-0.0006,-0.0000,-0.0001,0.0006,-0.0004,-0.0002,0.0004,0.0000,-0.0001,-0.0003,0.0004,-0.0003,-0.0002,-0.0001,0.0002,0.0002,-0.0000,-0.0001,0.0002,0.0001,-0.0000,0.0004,-0.0001,0.0000,-0.0001,0.0004,-0.0000,0.0001,0.0002,-0.0001,-0.0000,0.0002,0.0002,-0.0001,-0.0002,-0.0003,0.0004,-0.0003,-0.0001,0.0000,0.0004,-0.0002,-0.0004,0.0006,-0.0001,-0.0000,-0.0006,0.0008,0.0010,-0.0000,0.0002,0.0001,-0.0033,-0.0006,0.0009,-0.0004,0.0007,-0.0036,0.0009,-0.0004,-0.0013,-0.0011,0.0034,-0.0018,0.0020,-0.0013,-0.0026,0.0008,0.0021,0.0031,0.0053,0.0104,0.0094,0.0111,0.0093,0.0078,0.0111,0.0088,0.0118,0.0124,0.0129,0.0159,0.0119,0.0154,0.0112,0.0141,0.0147,
0.0146,0.0137,0.0145,0.0112,0.0139,0.0083,0.0127,0.0128,0.0114,0.0112,0.0110,0.0113,0.0115,0.0087,0.0085,0.0033,0.0053,0.0031,0.0013,-0.0023,0.0016,0.0001,0.0004,0.0003,0.0015,-0.0011,0.0002,-0.0009,0.0001,-0.0030,0.0018,0.0011,-0.0014,0.0005,-0.0010,0.0003,-0.0002,0.0004,-0.0011,0.0003,-0.0008,-0.0003,-0.0010,0.0001,0.0002,-0.0003,0.0004,0.0002,0.0001,-0.0003,0.0000,0.0002,-0.0003,0.0001,0.0004,0.0002,0.0005,-0.0003,-0.0007,0.0001,0.0001,0.0004,0.0004,0.0003,-0.0012,0.0003,0.0004,0.0004,0.0001,0.0001,-0.0007,-0.0003,0.0005,0.0002,0.0004,0.0001,-0.0003,0.0002,0.0000,-0.0003,0.0001,0.0002,0.0004,-0.0003,0.0002,0.0001,-0.0010,-0.0003,-0.0008,0.0003,-0.0011,0.0004,-0.0002,0.0003,-0.0010,0.0005,-0.0014,0.0011,0.0018,-0.0030,0.0001,-0.0009,0.0002,-0.0011,0.0015,0.0003,0.0004,0.0001,0.0016,-0.0023,0.0013,0.0031,0.0053,0.0033,0.0085,0.0087,0.0115,0.0113,0.0110,0.0112,0.0114,0.0128,0.0127,0.0083,0.0139,0.0112,0.0145,0.0137,
0.0146,0.0127,0.0155,0.0137,0.0171,0.0124,0.0128,0.0134,0.0135,0.0127,0.0141,0.0102,0.0090,0.0077,0.0065,0.0084,0.0057,0.0021,-0.0023,0.0037,0.0003,-0.0010,0.0002,-0.0011,0.0011,-0.0002,0.0005,-0.0013,-0.0006,0.0013,0.0001,-0.0016,0.0016,0.0002,-0.0006,-0.0010,0.0002,-0.0012,-0.0003,0.0002,0.0008,0.0002,-0.0006,0.0004,0.0001,-0.0007,0.0003,-0.0002,0.0001,-0.0001,0.0003,-0.0002,-0.0001,-0.0003,-0.0005,-0.0003,-0.0005,-0.0008,-0.0004,-0.0005,0.0004,0.0005,0.0001,-0.0003,0.0009,-0.0003,0.0001,0.0005,0.0004,-0.0005,-0.0004,-0.0008,-0.0005,-0.0003,-0.0005,-0.0003,-0.0001,-0.0002,0.0003,-0.0001,0.0001,-0.0002,0.0003,-0.0007,0.0001,0.0004,-0.0006,0.0002,0.0008,0.0002,-0.0003,-0.0012,0.0002,-0.0010,-0.0006,0.0002,0.0016,-0.0016,0.0001,0.0013,-0.0006,-0.0013,0.0005,-0.0002,0.0011,-0.0011,0.0002,-0.0010,0.0003,0.0037,-0.0023,0.0021,0.0057,0.0084,0.0065,0.0077,0.0090,0.0102,0.0141,0.0127,0.0135,0.0134,0.0128,0.0124,0.0171,0.0137,0.0155,0.0127,
0.0146,0.0128,0.0139,0.0104,0.0149,0.0131,0.0117,0.0095,0.0118,0.0082,0.0105,0.0093,0.0087,0.0133,0.0061,0.0062,0.0004,0.0008,0.0016,0.0003,-0.0006,-0.0002,-0.0021,0.0025,-0.0010,0.0014,-0.0029,0.0006,0.0009,-0.0006,-0.0001,0.0020,-0.0006,-0.0000,-0.0000,0.0010,0.0000,0.0000,-0.0018,0.0004,0.0003,-0.0001,0.0000,0.0001,-0.0004,-0.0001,0.0002,0.0001,0.0001,0.0004,0.0000,0.0002,0.0002,-0.0001,0.0002,-0.0005,-0.0001,-0.0005,-0.0014,-0.0002,-0.0004,-0.0011,-0.0001,0.0008,0.0008,0.0008,-0.0001,-0.0011,-0.0004,-0.0002,-0.0014,-0.0005,-0.0001,-0.0005,0.0002,-0.0001,0.0002,0.0002,0.0000,0.0004,0.0001,0.0001,0.0002,-0.0001,-0.0004,0.0001,0.0000,-0.0001,0.0003,0.0004,-0.0018,0.0000,0.0000,0.0010,-0.0000,-0.0000,-0.0006,0.0020,-0.0001,-0.0006,0.0009,0.0006,-0.0029,0.0014,-0.0010,0.0025,-0.0021,-0.0002,-0.0006,0.0003,0.0016,0.0008,0.0004,0.0062,0.0061,0.0133,0.0087,0.0093,0.0105,0.0082,0.0118,0.0095,0.0117,0.0131,0.0149,0.0104,0.0139,0.0128,
0.0146,0.0150,0.0159,0.0087,0.0121,0.0120,0.0122,0.0093,0.0128,0.0084,0.0105,0.0118,0.0066,0.0074,0.0030,0.0017,0.0040,-0.0026,0.0001,-0.0010,-0.0002,-0.0029,0.0035,-0.0014,0.0014,-0.0035,0.0013,-0.0001,0.0003,0.0007,0.0007,-0.0003,0.0007,0.0000,0.0002,0.0002,0.0004,-0.0006,0.0001,-0.0002,0.0005,0.0004,0.0000,-0.0007,0.0002,-0.0000,-0.0002,-0.0004,-0.0001,0.0001,0.0006,0.0009,0.0001,0.0007,-0.0008,0.0004,-0.0011,-0.0006,-0.0004,-0.0015,-0.0006,0.0001,-0.0003,-0.0010,-0.0016,-0.0010,-0.0003,0.0001,-0.0006,-0.0015,-0.0004,-0.0006,-0.0011,0.0004,-0.0008,0.0007,0.0001,0.0009,0.0006,0.0001,-0.0001,-0.0004,-0.0002,-0.0000,0.0002,-0.0007,0.0000,0.0004,0.0005,-0.0002,0.0001,-0.0006,0.0004,0.0002,0.0002,0.0000,0.0007,-0.0003,0.0007,0.0007,0.0003,-0.0001,0.0013,-0.0035,0.0014,-0.0014,0.0035,-0.0029,-0.0002,-0.0010,0.0001,-0.0026,0.0040,0.0017,0.0030,0.0074,0.0066,0.0118,0.0105,0.0084,0.0128,0.0093,0.0122,0.0120,0.0121,0.0087,0.0159,0.0150,
0.0117,0.0131,0.0174,0.0130,0.0128,0.0121,0.0162,0.0109,0.0130,0.0107,0.0075,0.0062,0.0052,0.0034,0.0030,-0.0007,-0.0025,-0.0013,0.0004,0.0002,-0.0021,0.0035,-0.0015,0.0015,-0.0037,0.0016,-0.0010,0.0010,0.0010,-0.0003,-0.0002,0.0003,-0.0014,0.0001,0.0004,0.0005,-0.0001,0.0001,-0.0002,0.0002,-0.0003,-0.0001,-0.0001,-0.0000,0.0004,0.0004,0.0004,0.0005,-0.0005,0.0001,-0.0003,-0.0011,0.0008,0.0005,0.0005,-0.0003,-0.0004,-0.0015,0.0001,0.0008,0.0002,0.0001,0.0004,0.0012,0.0015,0.0012,0.0004,0.0001,0.0002,0.0008,0.0001,-0.0015,-0.0004,-0.0003,0.0005,0.0005,0.0008,-0.0011,-0.0003,0.0001,-0.0005,0.0005,0.0004,0.0004,0.0004,-0.0000,-0.0001,-0.0001,-0.0003,0.0002,-0.0002,0.0001,-0.0001,0.0005,0.0004,0.0001,-0.0014,0.0003,-0.0002,-0.0003,0.0010,0.0010,-0.0010,0.0016,-0.0037,0.0015,-0.0015,0.0035,-0.0021,0.0002,0.0004,-0.0013,-0.0025,-0.0007,0.0030,0.0034,0.0052,0.0062,0.0075,0.0107,0.0130,0.0109,0.0162,0.0121,0.0128,0.0130,0.0174,0.0131,
0.0122,0.0103,0.0143,0.0130,0.0114,0.0083,0.0125,0.0096,0.0103,0.0085,0.0088,0.0053,0.0087,0.0035,-0.0021,0.0005,-0.0024,0.0020,0.0003,-0.0011,0.0025,-0.0014,0.0015,-0.0037,0.0017,-0.0013,0.0015,-0.0004,-0.0001,-0.0000,-0.0014,-0.0002,0.0004,-0.0003,-0.0002,-0.0001,-0.0005,-0.0003,0.0002,0.0001,-0.0003,0.0001,0.0005,0.0004,0.0004,0.0006,0.0003,-0.0014,-0.0002,0.0010,0.0006,-0.0014,0.0001,0.0000,0.0012,-0.0010,-0.0000,-0.0003,0.0002,0.0012,0.0011,-0.0002,-0.0012,-0.0017,-0.0017,-0.0017,-0.0012,-0.0002,0.0011,0.0012,0.0002,-0.0003,-0.0000,-0.0010,0.0012,0.0000,0.0001,-0.0014,0.0006,0.0010,-0.0002,-0.0014,0.0003,0.0006,0.0004,0.0004,0.0005,0.0001,-0.0003,0.0001,0.0002,-0.0003,-0.0005,-0.0001,-0.0002,-0.0003,0.0004,-0.0002,-0.0014,-0.0000,-0.0001,-0.0004,0.0015,-0.0013,0.0017,-0.0037,0.0015,-0.0014,0.0025,-0.0011,0.0003,0.0020,-0.0024,0.0005,-0.0021,0.0035,0.0087,0.0053,0.0088,0.0085,0.0103,0.0096,0.0125,0.0083,0.0114,0.0130,0.0143,0.0103,
0.0168,0.0107,0.0123,0.0119,0.0132,0.0081,0.0090,0.0102,0.0098,0.0093,0.0123,0.0066,0.0041,0.0001,-0.0004,0.0013,0.0017,-0.0018,0.0015,0.0011,-0.0010,0.0014,-0.0037,0.0017,-0.0014,0.0019,-0.0023,0.0006,0.0004,-0.0003,0.0009,-0.0006,0.0005,-0.0003,0.0001,-0.0002,0.0001,-0.0001,-0.0009,0.0005,0.0005,0.0005,0.0004,0.0006,0.0004,-0.0002,0.0002,-0.0003,-0.0003,-0.0001,0.0008,-0.0004,0.0001,-0.0004,0.0016,-0.0017,-0.0003,0.0010,-0.0007,-0.0008,0.0002,0.0010,0.0016,0.0017,0.0017,0.0017,0.0016,0.0010,0.0002,-0.0008,-0.0007,0.0010,-0.0003,-0.0017,0.0016,-0.0004,0.0001,-0.0004,0.0008,-0.0001,-0.0003,-0.0003,0.0002,-0.0002,0.0004,0.0006,0.0004,0.0005,0.0005,0.0005,-0.0009,-0.0001,0.0001,-0.0002,0.0001,-0.0003,0.0005,-0.0006,0.0009,-0.0003,0.0004,0.0006,-0.0023,0.0019,-0.0014,0.0017,-0.0037,0.0014,-0.0010,0.0011,0.0015,-0.0018,0.0017,0.0013,-0.0004,0.0001,0.0041,0.0066,0.0123,0.0093,0.0098,0.0102,0.0090,0.0081,0.0132,0.0119,0.0123,0.0107,
0.0166,0.0127,0.0127,0.0123,0.0166,0.0131,0.0114,0.0102,0.0115,0.0072,0.0066,0.0056,0.0008,-0.0006,0.0043,-0.0009,-0.0013,0.0034,-0.0011,-0.0002,0.0014,-0.0035,0.0016,-0.0013,0.0019,-0.0037,0.0012,-0.0002,-0.0010,0.0003,0.0005,0.0005,0.0002,0.0001,0.0001,0.0003,0.0000,-0.0000,-0.0004,-0.0002,0.0005,0.0007,0.0006,-0.0000,0.0003,0.0013,0.0001,-0.0012,0.0003,0.0004,0.0000,0.0001,0.0001,-0.0002,0.0009,-0.0013,0.0008,0.0002,-0.0005,0.0003,0.0007,-0.0000,0.0000,0.0002,0.0007,0.0002,0.0000,-0.0000,0.0007,0.0003,-0.0005,0.0002,0.0008,-0.0013,0.0009,-0.0002,0.0001,0.0001,0.0000,0.0004,0.0003,-0.0012,0.0001,0.0013,0.0003,-0.0000,0.0006,0.0007,0.0005,-0.0002,-0.0004,-0.0000,0.0000,0.0003,0.0001,0.0001,0.0002,0.0005,0.0005,0.0003,-0.0010,-0.0002,0.0012,-0.0037,0.0019,-0.0013,0.0016,-0.0035,0.0014,-0.0002,-0.0011,0.0034,-0.0013,-0.0009,0.0043,-0.0006,0.0008,0.0056,0.0066,0.0072,0.0115,0.0102,0.0114,0.0131,0.0166,0.0123,0.0127,0.0127,
0.0145,0.0131,0.0114,0.0094,0.0121,0.0135,0.0096,0.0079,0.0062,0.0074,0.0018,0.0016,0.0034,0.0019,-0.0005,-0.0000,0.0025,-0.0011,0.0002,0.0005,-0.0029,0.0013,-0.0010,0.0015,-0.0023,0.0012,0.0004,0.0004,0.0003,-0.0001,-0.0009,-0.0002,-0.0000,0.0002,-0.0000,-0.0002,-0.0001,-0.0001,-0.0007,-0.0002,0.0006,0.0007,-0.0000,0.0004,0.0012,0.0002,0.0007,0.0003,-0.0010,0.0007,0.0003,0.0005,-0.0007,0.0004,-0.0014,-0.0001,0.0006,-0.0002,0.0003,-0.0004,0.0005,0.0006,0.0001,-0.0004,-0.0004,-0.0004,0.0001,0.0006,0.0005,-0.0004,0.0003,-0.0002,0.0006,-0.0001,-0.0014,0.0004,-0.0007,0.0005,0.0003,0.0007,-0.0010,0.0003,0.0007,0.0002,0.0012,0.0004,-0.0000,0.0007,0.0006,-0.0002,-0.0007,-0.0001,-0.0001,-0.0002,-0.0000,0.0002,-0.0000,-0.0002,-0.0009,-0.0001,0.0003,0.0004,0.0004,0.0012,-0.0023,0.0015,-0.0010,0.0013,-0.0029,0.0005,0.0002,-0.0011,0.0025,-0.0000,-0.0005,0.0019,0.0034,0.0016,0.0018,0.0074,0.0062,0.0079,0.0096,0.0135,0.0121,0.0094,0.0114,0.0131,
0.0120,0.0123,0.0134,0.0081,0.0086,0.0109,0.0102,0.0078,0.0031,0.0053,0.0040,0.0013,-0.0019,0.0008,-0.0004,0.0004,0.0008,-0.0013,-0.0009,-0.0013,0.0006,-0.0001,0.0010,-0.0004,0.0006,-0.0002,0.0004,-0.0008,-0.0003,-0.0003,0.0005,0.0004,0.0003,-0.0001,0.0003,-0.0002,0.0003,0.0000,-0.0008,-0.0001,0.0010,0.0004,0.0001,0.0011,-0.0004,0.0009,0.0004,0.0009,-0.0004,-0.0002,-0.0009,0.0011,-0.0005,-0.0000,0.0001,0.0006,0.0002,-0.0001,0.0005,0.0002,0.0003,-0.0007,-0.0005,0.0001,-0.0001,0.0001,-0.0005,-0.0007,0.0003,0.0002,0.0005,-0.0001,0.0002,0.0006,0.0001,-0.0000,-0.0005,0.0011,-0.0009,-0.0002,-0.0004,0.0009,0.0004,0.0009,-0.0004,0.0011,0.0001,0.0004,0.0010,-0.0001,-0.0008,0.0000,0.0003,-0.0002,0.0003,-0.0001,0.0003,0.0004,0.0005,-0.0003,-0.0003,-0.0008,0.0004,-0.0002,0.0006,-0.0004,0.0010,-0.0001,0.0006,-0.0013,-0.0009,-0.0013,0.0008,0.0004,-0.0004,0.0008,-0.0019,0.0013,0.0040,0.0053,0.0031,0.0078,0.0102,0.0109,0.0086,0.0081,0.0134,0.0123,
0.0130,0.0128,0.0145,0.0122,0.0065,0.0095,0.0087,0.0116,0.0077,0.0049,-0.0002,0.0005,-0.0016,-0.0015,0.0004,0.0016,-0.0037,-0.0004,0.0001,-0.0006,0.0009,0.0003,0.0010,-0.0001,0.0004,-0.0010,0.0003,-0.0003,0.0008,-0.0001,0.0002,-0.0008,-0.0001,-0.0001,0.0002,-0.0005,0.0004,0.0001,-0.0015,0.0008,0.0009,-0.0005,0.0006,-0.0013,-0.0007,-0.0011,-0.0003,-0.0012,0.0004,0.0000,-0.0002,-0.0002,0.0002,-0.0003,0.0002,0.0007,-0.0008,-0.0002,0.0010,-0.0000,0.0017,0.0006,-0.0002,0.0001,-0.0003,0.0001,-0.0002,0.0006,0.0017,-0.0000,0.0010,-0.0002,-0.0008,0.0007,0.0002,-0.0003,0.0002,-0.0002,-0.0002,0.0000,0.0004,-0.0012,-0.0003,-0.0011,-0.0007,-0.0013,0.0006,-0.0005,0.0009,0.0008,-0.0015,0.0001,0.0004,-0.0005,0.0002,-0.0001,-0.0001,-0.0008,0.0002,-0.0001,0.0008,-0.0003,0.0003,-0.0010,0.0004,-0.0001,0.0010,0.0003,0.0009,-0.0006,0.0001,-0.0004,-0.0037,0.0016,0.0004,-0.0015,-0.0016,0.0005,-0.0002,0.0049,0.0077,0.0116,0.0087,0.0095,0.0065,0.0122,0.0145,0.0128,
0.0119,0.0117,0.0135,0.0148,0.0112,0.0109,0.0093,0.0088,0.0081,0.0023,-0.0020,-0.0043,-0.0002,0.0010,-0.0005,-0.0034,0.0007,0.0009,-0.0030,0.0013,-0.0006,0.0007,-0.0003,-0.0000,-0.0003,0.0003,-0.0001,-0.0003,-0.0001,-0.0002,0.0002,-0.0000,-0.0001,-0.0002,0.0001,-0.0002,0.0007,0.0000,-0.0012,0.0014,0.0003,-0.0013,-0.0001,-0.0005,0.0001,0.0006,0.0002,0.0006,0.0004,-0.0002,-0.0001,0.0002,0.0001,0.0001,0.0005,-0.0017,0.0002,0.0001,-0.0006,-0.0006,-0.0001,-0.0007,-0.0004,-0.0007,0.0014,-0.0007,-0.0004,-0.0007,-0.0001,-0.0006,-0.0006,0.0001,0.0002,-0.0017,0.0005,0.0001,0.0001,0.0002,-0.0001,-0.0002,0.0004,0.0006,0.0002,0.0006,0.0001,-0.0005,-0.0001,-0.0013,0.0003,0.0014,-0.0012,0.0000,0.0007,-0.0002,0.0001,-0.0002,-0.0001,-0.0000,0.0002,-0.0002,-0.0001,-0.0003,-0.0001,0.0003,-0.0003,-0.0000,-0.0003,0.0007,-0.0006,0.0013,-0.0030,0.0009,0.0007,-0.0034,-0.0005,0.0010,-0.0002,-0.0043,-0.0020,0.0023,0.0081,0.0088,0.0093,0.0109,0.0112,0.0148,0.0135,0.0117,
0.0127,0.0091,0.0100,0.0120,0.0097,0.0102,0.0088,0.0040,0.0032,-0.0018,0.0006,-0.0004,-0.0004,-0.0021,-0.0008,-0.0005,0.0003,-0.0036,0.0018,0.0001,-0.0001,0.0007,-0.0002,-0.0014,0.0009,0.0005,-0.0009,0.0005,0.0002,0.0002,0.0003,-0.0002,-0.0003,0.0003,-0.0002,-0.0006,0.0009,-0.0005,-0.0001,0.0010,-0.0013,0.0009,0.0002,0.0010,-0.0006,-0.0007,0.0001,-0.0000,0.0000,0.0006,-0.0003,-0.0001,-0.0000,-0.0006,0.0003,-0.0007,0.0010,0.0007,-0.0002,-0.0013,-0.0001,-0.0000,-0.0000,0.0000,-0.0001,0.0000,-0.0000,-0.0000,-0.0001,-0.0013,-0.0002,0.0007,0.0010,-0.0007,0.0003,-0.0006,-0.0000,-0.0001,-0.0003,0.0006,0.0000,-0.0000,0.0001,-0.0007,-0.0006,0.0010,0.0002,0.0009,-0.0013,0.0010,-0.0001,-0.0005,0.0009,-0.0006,-0.0002,0.0003,-0.0003,-0.0002,0.0003,0.0002,0.0002,0.0005,-0.0009,0.0005,0.0009,-0.0014,-0.0002,0.0007,-0.0001,0.0001,0.0018,-0.0036,0.0003,-0.0005,-0.0008,-0.0021,-0.0004,-0.0004,0.0006,-0.0018,0.0032,0.0040,0.0088,0.0102,0.0097,0.0120,0.0100,0.0091,
0.0128,0.0108,0.0083,0.0098,0.0078,0.0052,0.0074,0.0055,0.0011,-0.0019,-0.0007,0.0016,0.0004,-0.0009,-0.0031,-0.0004,-0.0014,0.0007,0.0011,-0.0016,0.0020,-0.0003,0.0003,-0.0002,-0.0006,0.0005,-0.0002,0.0004,-0.0008,-0.0000,-0.0002,0.0005,0.0003,0.0007,-0.0001,0.0001,-0.0006,0.0010,-0.0008,0.0006,0.0003,0.0002,-0.0004,-0.0002,0.0001,0.0006,-0.0003,0.0001,0.0001,-0.0004,-0.0004,0.0005,0.0007,0.0000,-0.0003,0.0001,-0.0003,0.0010,0.0000,0.0001,-0.0005,-0.0001,0.0006,-0.0003,0.0003,-0.0003,0.0006,-0.0001,-0.0005,0.0001,0.0000,0.0010,-0.0003,0.0001,-0.0003,0.0000,0.0007,0.0005,-0.0004,-0.0004,0.0001,0.0001,-0.0003,0.0006,0.0001,-0.0002,-0.0004,0.0002,0.0003,0.0006,-0.0008,0.0010,-0.0006,0.0001,-0.0001,0.0007,0.0003,0.0005,-0.0002,-0.0000,-0.0008,0.0004,-0.0002,0.0005,-0.0006,-0.0002,0.0003,-0.0003,0.0020,-0.0016,0.0011,0.0007,-0.0014,-0.0004,-0.0031,-0.0009,0.0004,0.0016,-0.0007,-0.0019,0.0011,0.0055,0.0074,0.0052,0.0078,0.0098,0.0083,0.0108,
0.0122,0.0111,0.0101,0.0098,0.0077,0.0029,0.0032,0.0023,0.0005,0.0037,0.0015,0.0000,-0.0031,-0.0018,0.0010,0.0006,-0.0015,-0.0004,-0.0014,0.0016,-0.0006,0.0007,-0.0014,0.0004,0.0005,0.0002,-0.0000,0.0003,-0.0001,-0.0001,-0.0003,0.0003,-0.0008,-0.0001,0.0001,0.0006,-0.0010,0.0012,-0.0012,0.0014,-0.0012,-0.0002,0.0007,-0.0003,0.0002,0.0000,-0.0000,0.0000,-0.0000,-0.0001,-0.0014,-0.0003,0.0000,0.0009,0.0001,0.0006,0.0004,-0.0007,-0.0001,0.0008,-0.0002,0.0004,0.0003,-0.0009,0.0015,-0.0009,0.0003,0.0004,-0.0002,0.0008,-0.0001,-0.0007,0.0004,0.0006,0.0001,0.0009,0.0000,-0.0003,-0.0014,-0.0001,-0.0000,0.0000,-0.0000,0.0000,0.0002,-0.0003,0.0007,-0.0002,-0.0012,0.0014,-0.0012,0.0012,-0.0010,0.0006,0.0001,-0.0001,-0.0008,0.0003,-0.0003,-0.0001,-0.0001,0.0003,-0.0000,0.0002,0.0005,0.0004,-0.0014,0.0007,-0.0006,0.0016,-0.0014,-0.0004,-0.0015,0.0006,0.0010,-0.0018,-0.0031,0.0000,0.0015,0.0037,0.0005,0.0023,0.0032,0.0029,0.0077,0.0098,0.0101,0.0111,
0.0121,0.0115,0.0100,0.0095,0.0107,0.0067,0.0029,0.0013,0.0002,0.0017,0.0012,-0.0006,-0.0005,-0.0008,0.0002,-0.0037,-0.0004,0.0009,0.0005,0.0002,-0.0000,0.0000,0.0001,-0.0003,-0.0003,0.0001,0.0002,-0.0001,-0.0001,-0.0002,0.0003,0.0007,-0.0001,0.0001,0.0000,0.0000,0.0001,0.0002,-0.0007,0.0006,0.0006,-0.0001,0.0002,-0.0001,0.0003,-0.0002,0.0006,0.0005,0.0007,0.0003,0.0000,0.0004,-0.0009,0.0002,0.0001,-0.0003,-0.0009,-0.0000,0.0013,0.0003,0.0009,0.0009,0.0002,-0.0000,0.0004,-0.0000,0.0002,0.0009,0.0009,0.0003,0.0013,-0.0000,-0.0009,-0.0003,0.0001,0.0002,-0.0009,0.0004,0.0000,0.0003,0.0007,0.0005,0.0006,-0.0002,0.0003,-0.0001,0.0002,-0.0001,0.0006,0.0006,-0.0007,0.0002,0.0001,0.0000,0.0000,0.0001,-0.0001,0.0007,0.0003,-0.0002,-0.0001,-0.0001,0.0002,0.0001,-0.0003,-0.0003,0.0001,0.0000,-0.0000,0.0002,0.0005,0.0009,-0.0004,-0.0037,0.0002,-0.0008,-0.0005,-0.0006,0.0012,0.0017,0.0002,0.0013,0.0029,0.0067,0.0107,0.0095,0.0100,0.0115,
0.0106,0.0107,0.0104,0.0095,0.0085,0.0071,0.0030,0.0040,0.0039,0.0003,-0.0004,-0.0034,-0.0019,-0.0001,-0.0011,-0.0005,-0.0006,-0.0006,-0.0010,-0.0006,-0.0000,0.0002,0.0004,-0.0002,0.0001,0.0001,-0.0000,0.0003,0.0002,0.0001,-0.0002,-0.0001,0.0001,0.0000,0.0001,0.0004,-0.0004,0.0001,-0.0006,0.0001,0.0006,0.0002,-0.0009,0.0005,0.0000,-0.0021,0.0015,-0.0003,-0.0000,-0.0004,-0.0002,-0.0001,-0.0006,-0.0009,-0.0002,0.0002,0.0002,0.0003,-0.0007,0.0002,0.0004,0.0001,-0.0006,0.0001,-0.0001,0.0001,-0.0006,0.0001,0.0004,0.0002,-0.0007,0.0003,0.0002,0.0002,-0.0002,-0.0009,-0.0006,-0.0001,-0.0002,-0.0004,-0.0000,-0.0003,0.0015,-0.0021,0.0000,0.0005,-0.0009,0.0002,0.0006,0.0001,-0.0006,0.0001,-0.0004,0.0004,0.0001,0.0000,0.0001,-0.0001,-0.0002,0.0001,0.0002,0.0003,-0.0000,0.0001,0.0001,-0.0002,0.0004,0.0002,-0.0000,-0.0006,-0.0010,-0.0006,-0.0006,-0.0005,-0.0011,-0.0001,-0.0019,-0.0034,-0.0004,0.0003,0.0039,0.0040,0.0030,0.0071,0.0085,0.0095,0.0104,0.0107,
0.0131,0.0104,0.0105,0.0100,0.0061,0.0049,0.0008,-0.0004,0.0014,0.0004,-0.0009,0.0005,0.0002,0.0013,-0.0014,-0.0013,-0.0008,-0.0033,0.0003,-0.0010,0.0010,0.0002,0.0005,-0.0001,-0.0002,0.0003,-0.0002,-0.0002,-0.0005,-0.0002,-0.0006,0.0001,0.0006,0.0000,0.0004,-0.0018,0.0014,-0.0001,-0.0007,0.0005,-0.0000,-0.0002,-0.0008,0.0013,-0.0004,-0.0003,-0.0004,-0.0003,0.0002,0.0001,-0.0000,-0.0002,0.0001,-0.0004,-0.0008,-0.0001,0.0008,0.0000,-0.0005,0.0008,-0.0002,0.0005,0.0007,-0.0002,-0.0005,-0.0002,0.0007,0.0005,-0.0002,0.0008,-0.0005,0.0000,0.0008,-0.0001,-0.0008,-0.0004,0.0001,-0.0002,-0.0000,0.0001,0.0002,-0.0003,-0.0004,-0.0003,-0.0004,0.0013,-0.0008,-0.0002,-0.0000,0.0005,-0.0007,-0.0001,0.0014,-0.0018,0.0004,0.0000,0.0006,0.0001,-0.0006,-0.0002,-0.0005,-0.0002,-0.0002,0.0003,-0.0002,-0.0001,0.0005,0.0002,0.0010,-0.0010,0.0003,-0.0033,-0.0008,-0.0013,-0.0014,0.0013,0.0002,0.0005,-0.0009,0.0004,0.0014,-0.0004,0.0008,0.0049,0.0061,0.0100,0.0105,0.0104,
0.0122,0.0096,0.0093,0.0116,0.0090,0.0030,0.0017,0.0014,-0.0009,-0.0007,-0.0031,-0.0025,-0.0008,-0.0019,-0.0018,0.0004,0.0008,0.0001,-0.0002,0.0002,0.0000,0.0004,-0.0001,-0.0005,0.0001,0.0000,-0.0001,0.0003,0.0004,0.0007,0.0009,-0.0006,-0.0010,0.0001,-0.0004,0.0014,-0.0000,-0.0005,-0.0005,-0.0002,-0.0003,0.0017,-0.0001,-0.0015,0.0011,-0.0013,0.0009,-0.0007,0.0004,0.0002,-0.0002,-0.0005,-0.0002,-0.0007,-0.0010,-0.0006,0.0005,0.0004,0.0000,0.0006,0.0007,-0.0002,0.0004,0.0003,0.0007,0.0003,0.0004,-0.0002,0.0007,0.0006,0.0000,0.0004,0.0005,-0.0006,-0.0010,-0.0007,-0.0002,-0.0005,-0.0002,0.0002,0.0004,-0.0007,0.0009,-0.0013,0.0011,-0.0015,-0.0001,0.0017,-0.0003,-0.0002,-0.0005,-0.0005,-0.0000,0.0014,-0.0004,0.0001,-0.0010,-0.0006,0.0009,0.0007,0.0004,0.0003,-0.0001,0.0000,0.0001,-0.0005,-0.0001,0.0004,0.0000,0.0002,-0.0002,0.0001,0.0008,0.0004,-0.0018,-0.0019,-0.0008,-0.0025,-0.0031,-0.0007,-0.0009,0.0014,0.0017,0.0030,0.0090,0.0116,0.0093,0.0096,
0.0104,0.0082,0.0049,0.0075,0.0057,-0.0003,-0.0005,0.0014,0.0004,-0.0007,0.0006,0.0006,0.0014,0.0007,-0.0003,0.0018,0.0001,0.0002,0.0004,-0.0012,0.0000,-0.0006,0.0001,-0.0003,-0.0001,-0.0000,-0.0001,0.0000,0.0001,0.0000,-0.0005,0.0010,0.0012,0.0002,0.0001,-0.0001,-0.0005,-0.0004,-0.0002,-0.0004,0.0006,0.0006,0.0001,0.0001,-0.0002,0.0005,-0.0009,0.0002,-0.0000,-0.0005,-0.0002,0.0008,0.0005,0.0006,0.0000,-0.0001,-0.0001,-0.0001,-0.0001,0.0002,-0.0001,0.0002,-0.0004,-0.0007,-0.0011,-0.0007,-0.0004,0.0002,-0.0001,0.0002,-0.0001,-0.0001,-0.0001,-0.0001,0.0000,0.0006,0.0005,0.0008,-0.0002,-0.0005,-0.0000,0.0002,-0.0009,0.0005,-0.0002,0.0001,0.0001,0.0006,0.0006,-0.0004,-0.0002,-0.0004,-0.0005,-0.0001,0.0001,0.0002,0.0012,0.0010,-0.0005,0.0000,0.0001,0.0000,-0.0001,-0.0000,-0.0001,-0.0003,0.0001,-0.0006,0.0000,-0.0012,0.0004,0.0002,0.0001,0.0018,-0.0003,0.0007,0.0014,0.0006,0.0006,-0.0007,0.0004,0.0014,-0.0005,-0.0003,0.0057,0.0075,0.0049,0.0082,
0.0089,0.0073,0.0046,0.0040,0.0023,-0.0021,-0.0026,-0.0016,-0.0014,-0.0032,-0.0030,-0.0005,0.0001,-0.0019,-0.0002,-0.0002,-0.0010,-0.0000,-0.0011,-0.0003,-0.0018,0.0001,-0.0002,0.0002,-0.0009,-0.0004,-0.0007,-0.0008,-0.0015,-0.0012,-0.0001,-0.0008,-0.0012,-0.0007,-0.0006,-0.0007,-0.0005,-0.0002,-0.0005,-0.0002,0.0000,-0.0005,-0.0000,0.0002,-0.0010,0.0002,0.0003,0.0003,-0.0006,-0.0001,0.0002,-0.0001,0.0001,0.0004,0.0001,0.0000,0.0000,-0.0003,0.0002,-0.0015,0.0020,0.0184,0.0414,0.0635,0.0733,0.0635,0.0414,0.0184,0.0020,-0.0015,0.0002,-0.0003,0.0000,0.0000,0.0001,0.0004,0.0001,-0.0001,0.0002,-0.0001,-0.0006,0.0003,0.0003,0.0002,-0.0010,0.0002,-0.0000,-0.0005,0.0000,-0.0002,-0.0005,-0.0002,-0.0005,-0.0007,-0.0006,-0.0007,-0.0012,-0.0008,-0.0001,-0.0012,-0.0015,-0.0008,-0.0007,-0.0004,-0.0009,0.0002,-0.0002,0.0001,-0.0018,-0.0003,-0.0011,-0.0000,-0.0010,-0.0002,-0.0002,-0.0019,0.0001,-0.0005,-0.0030,-0.0032,-0.0014,-0.0016,-0.0026,-0.0021,0.0023,0.0040,0.0046,0.0073,
0.0102,0.0099,0.0082,0.0065,0.0017,0.0007,0.0019,0.0008,0.0002,0.0002,0.0010,0.0014,0.0029,0.0006,0.0006,0.0021,-0.0001,0.0010,0.0003,0.0002,0.0004,-0.0002,0.0002,0.0001,0.0005,-0.0002,-0.0002,-0.0001,0.0008,0.0014,0.0010,0.0006,0.0014,0.0006,0.0001,0.0005,-0.0002,-0.0004,-0.0002,0.0008,-0.0000,-0.0000,-0.0000,0.0002,0.0015,0.0002,-0.0001,-0.0002,0.0007,-0.0004,-0.0002,0.0003,0.0009,0.0000,-0.0001,0.0011,0.0071,0.0928,0.2169,0.3221,0.4063,0.4585,0.4857,0.4963,0.4979,0.4963,0.4857,0.4585,0.4063,0.3221,0.2169,0.0928,0.0071,0.0011,-0.0001,0.0000,0.0009,0.0003,-0.0002,-0.0004,0.0007,-0.0002,-0.0001,0.0002,0.0015,0.0002,-0.0000,-0.0000,-0.0000,0.0008,-0.0002,-0.0004,-0.0002,0.0005,0.0001,0.0006,0.0014,0.0006,0.0010,0.0014,0.0008,-0.0001,-0.0002,-0.0002,0.0005,0.0001,0.0002,-0.0002,0.0004,0.0002,0.0003,0.0010,-0.0001,0.0021,0.0006,0.0006,0.0029,0.0014,0.0010,0.0002,0.0002,0.0008,0.0019,0.0007,0.0017,0.0065,0.0082,0.0099,
0.0081,0.0056,0.0054,0.0034,-0.0022,-0.0033,-0.0006,-0.0013,-0.0034,-0.0041,0.0001,0.0013,0.0005,-0.0001,0.0009,0.0007,-0.0000,0.0008,-0.0008,0.0008,0.0003,0.0005,-0.0003,-0.0003,0.0005,0.0005,0.0006,0.0010,0.0009,0.0003,-0.0013,0.0003,-0.0012,0.0006,0.0006,-0.0000,-0.0003,0.0006,0.0000,-0.0000,0.0005,0.0000,-0.0000,-0.0006,0.0004,0.0009,-0.0000,0.0004,0.0003,0.0006,-0.0004,-0.0003,-0.0003,-0.0031,0.0730,0.2544,0.4147,0.4979,0.5000,0.5015,0.5021,0.5026,0.5029,0.5029,0.5031,0.5029,0.5029,0.5026,0.5021,0.5015,0.5000,0.4979,0.4147,0.2544,0.0730,-0.0031,-0.0003,-0.0003,-0.0004,0.0006,0.0003,0.0004,-0.0000,0.0009,0.0004,-0.0006,-0.0000,0.0000,0.0005,-0.0000,0.0000,0.0006,-0.0003,-0.0000,0.0006,0.0006,-0.0012,0.0003,-0.0013,0.0003,0.0009,0.0010,0.0006,0.0005,0.0005,-0.0003,-0.0003,0.0005,0.0003,0.0008,-0.0008,0.0008,-0.0000,0.0007,0.0009,-0.0001,0.0005,0.0013,0.0001,-0.0041,-0.0034,-0.0013,-0.0006,-0.0033,-0.0022,0.0034,0.0054,0.0056,
0.0081,0.0027,0.0023,0.0012,-0.0012,-0.0005,-0.0005,0.0004,-0.0005,0.0005,0.0009,0.0018,0.0011,-0.0019,-0.0017,0.0002,-0.0010,-0.0006,-0.0003,0.0002,-0.0001,0.0004,-0.0001,0.0001,0.0005,0.0007,0.0007,0.0004,-0.0005,-0.0013,0.0009,0.0002,-0.0002,-0.0001,0.0002,-0.0002,0.0017,0.0006,-0.0005,-0.0000,0.0000,-0.0002,0.0001,-0.0005,0.0002,-0.0000,-0.0000,0.0001,-0.0008,0.0002,-0.0003,-0.0030,0.1025,0.3216,0.4859,0.5004,0.5021,0.5030,0.5034,0.5038,0.5039,0.5038,0.5042,0.5044,0.5040,0.5044,0.5042,0.5038,0.5039,0.5038,0.5034,0.5030,0.5021,0.5004,0.4859,0.3216,0.1025,-0.0030,-0.0003,0.0002,-0.0008,0.0001,-0.0000,-0.0000,0.0002,-0.0005,0.0001,-0.0002,0.0000,-0.0000,-0.0005,0.0006,0.0017,-0.0002,0.0002,-0.0001,-0.0002,0.0002,0.0009,-0.0013,-0.0005,0.0004,0.0007,0.0007,0.0005,0.0001,-0.0001,0.0004,-0.0001,0.0002,-0.0003,-0.0006,-0.0010,0.0002,-0.0017,-0.0019,0.0011,0.0018,0.0009,0.0005,-0.0005,0.0004,-0.0005,-0.0005,-0.0012,0.0012,0.0023,0.0027,
